6.7215
3.15506
6.26479
6.38752
7.29318
1.58041
2.68178
6.14584
2.2222
4.43176
3.81918
5.03097
2.91828
4.10721
7.61784
7.32956
5.08569
5.73838
1.13282
4.85575
0.130405
1.94309
1.09785
6.43341
1.25343
3.20756
1.03832
0.87047
7.9914
1.74606
4.10346
6.7129
4.90112
2.36825
5.10042
4.1943
3.94866
7.7822
2.34013
6.17086
4.21396
6.15931
3.20183
7.13224
2.26652
2.81967
6.4618
7.35221
0.558042
7.59462
6.68197
3.60239
4.3455
7.64259
9.23163
5.44225
3.4492
3.14016
6.20391
3.44167
4.66796
9.79444
9.31546
8.95644
4.86666
6.77832
5.62645
8.32174
6.58775
7.67407
6.72125
3.27496
6.06346
9.52285
9.51567
8.04667
4.99005
8.16974
7.47985
5.47834
7.81503
4.16182
6.08073
9.16053
8.80441
5.31236
4.60278
9.25361
5.45252
7.80669
9.69528
7.12048
7.60113
9.01073
6.07692
9.46779
5.78906
8.70337
7.78953
9.3768 